33 33 33 33 33 33 33 33 33 33 33 33 33 33 33 33 33 33 33 33 33 33 33 33
33 33 33 33 33 33 33 33 33 33 33 33 33 33 33 33 33 33 33 33 33 33 33 33
33 33 33 33 33 33 33 33 33 33 33 33 33 33 33 33 33 33 33 33 33 33 33 33
33 33 33 33 33 33 33 33 33 33 33 33 33 33 33 33 33 33 33 33 33 33 33 33
33 33 33 33 7 7 7 7 7 7 7 7 7 7 7 7 7 7 7 7 33 33 33 33
33 33 33 33 7 7 7 7 7 7 7 7 7 7 7 7 7 7 7 7 33 33 33 33
33 33 33 33 7 7 7 7 7 7 7 7 7 7 7 7 7 7 7 7 33 33 33 33
33 33 33 33 7 7 7 7 7 7 7 7 7 7 7 7 7 7 7 7 33 33 33 33
33 33 33 33 7 7 7 7 7 7 7 7 7 7 7 7 7 7 7 7 33 33 33 33
33 33 33 33 7 7 7 7 7 7 7 7 7 7 7 7 7 7 7 7 33 33 33 33
33 33 33 33 7 7 7 7 7 7 7 7 7 7 7 7 7 7 7 7 33 33 33 33
33 33 33 33 7 7 7 7 7 7 7 7 7 7 7 7 7 7 7 7 33 33 33 33
33 33 33 33 7 7 7 7 7 7 7 7 7 7 7 7 7 7 7 7 33 33 33 33
33 33 33 33 7 7 7 7 7 7 7 7 7 7 7 7 7 7 7 7 33 33 33 33
33 33 33 33 7 7 7 7 7 7 7 7 7 7 7 7 7 7 7 7 33 33 33 33
33 33 33 33 7 7 7 7 7 7 7 7 7 7 7 7 7 7 7 7 33 33 33 33
33 33 33 33 7 7 7 7 7 7 7 7 7 7 7 7 7 7 7 7 33 33 33 33
33 33 33 33 7 7 7 7 7 7 7 7 7 7 7 7 7 7 7 7 33 33 33 33
33 33 33 33 33 33 33 33 33 33 33 33 33 33 33 33 33 33 33 33 33 33 33 33
33 33 33 33 33 33 33 33 33 33 33 33 33 33 33 33 33 33 33 33 33 33 33 33
33 33 33 33 33 33 33 33 33 33 33 33 33 33 33 33 33 33 33 33 33 33 33 33
33 33 33 33 33 33 33 33 33 33 33 33 33 33 33 33 33 33 33 33 33 33 33 33
33 33 33 33 33 33 33 33 33 33 33 33 33 33 33 33 33 33 33 33 33 33 33 33
33 33 33 33 33 33 33 33 33 33 33 33 33 33 33 33 33 33 33 33 33 33 33 33